/var/www/trading-bots/btc-spot-dev/research/x20/benchmark.py:50: UserWarning: Importing from 'research' package — this is research code. For production use, import from the appropriate production module instead (e.g., 'monitoring.regime_monitor').
  from research.lib.vcbb import make_ratios, precompute_vcbb, gen_path_vcbb
X20: CROSS-ASSET VTREND PORTFOLIO — BREADTH EXPANSION
==========================================================================================
  BTC/ETH: E5+EMA1D21 (robust ATR)
  Others:  E0+EMA1D21 (standard ATR)
  Cost: 50 bps RT. Warmup: 365d.
  Weighting: EW, IV, BC (BTC capped 40%)

==========================================================================================
T0: PER-ASSET FULL-SAMPLE SCREEN
==========================================================================================

        Coin    Strategy   Sharpe     CAGR     MDD  Trades  Pos/9  Pass?
  ---------------------------------------------------------------------------
     BTCUSDT    E5+EMA1D   +1.217   +46.8%   43.1%     216    9/9   PASS
     ETHUSDT    E5+EMA1D   +1.153   +56.5%   46.9%     209    9/9   PASS
     BNBUSDT    E0+EMA1D   +1.193   +67.2%   57.9%     203    9/9   PASS
     SOLUSDT    E0+EMA1D   +0.914   +46.1%   71.4%     130    9/9   PASS
     XRPUSDT    E0+EMA1D   +0.350    +2.0%   91.0%     171    9/9   PASS
     LTCUSDT    E0+EMA1D   +0.336    +1.7%   89.0%     191    9/9   PASS
     ADAUSDT    E0+EMA1D   +0.418    +6.3%   79.8%     181    9/9   PASS
    DOGEUSDT    E0+EMA1D   +1.073   +94.3%   86.5%     141    9/9   PASS
     TRXUSDT    E0+EMA1D   +0.479   +11.7%   74.6%     221    9/9   PASS
    AVAXUSDT    E0+EMA1D   +0.389    +5.2%   69.5%     115    9/9   PASS
    LINKUSDT    E0+EMA1D   +0.399    +4.2%   84.6%     177    9/9   PASS
     BCHUSDT    E0+EMA1D   +0.278    -2.1%   78.9%     152    9/9   PASS
    HBARUSDT    E0+EMA1D   +0.426    +3.1%   88.8%     144    9/9   PASS
     XLMUSDT    E0+EMA1D   +0.647   +23.8%   68.7%     160    9/9   PASS

  Passed: 14/14 coins: ['BTCUSDT', 'ETHUSDT', 'BNBUSDT', 'SOLUSDT', 'XRPUSDT', 'LTCUSDT', 'ADAUSDT', 'DOGEUSDT', 'TRXUSDT', 'AVAXUSDT', 'LINKUSDT', 'BCHUSDT', 'HBARUSDT', 'XLMUSDT']

  G0: 14 coins passed (≥ 3) → PASS

  Portfolio coins (14): ['BTCUSDT', 'ETHUSDT', 'BNBUSDT', 'SOLUSDT', 'XRPUSDT', 'LTCUSDT', 'ADAUSDT', 'DOGEUSDT', 'TRXUSDT', 'AVAXUSDT', 'LINKUSDT', 'BCHUSDT', 'HBARUSDT', 'XLMUSDT']

  Loading raw data...
       BTCUSDT:  18750 bars (2017-08-17 -> 2026-03-10)
       ETHUSDT:  18690 bars (2017-08-17 -> 2026-02-28)
       BNBUSDT:  18206 bars (2017-11-06 -> 2026-02-28)
       SOLUSDT:  12167 bars (2020-08-11 -> 2026-02-28)
       XRPUSDT:  17137 bars (2018-05-04 -> 2026-02-28)
       LTCUSDT:  17984 bars (2017-12-13 -> 2026-02-28)
       ADAUSDT:  17240 bars (2018-04-17 -> 2026-02-28)
      DOGEUSDT:  14581 bars (2019-07-05 -> 2026-02-28)
       TRXUSDT:  16909 bars (2018-06-11 -> 2026-02-28)
      AVAXUSDT:  11915 bars (2020-09-22 -> 2026-02-28)
      LINKUSDT:  15599 bars (2019-01-16 -> 2026-02-28)
       BCHUSDT:  13707 bars (2019-11-28 -> 2026-02-28)
      HBARUSDT:  14068 bars (2019-09-29 -> 2026-02-28)
       XLMUSDT:  16975 bars (2018-05-31 -> 2026-02-28)

  Computing indicators on full per-coin history...
  Computing bootstrap ratios...

  Common range: 2020-09-22 -> 2026-02-28
  Bars: 11915, Warmup: 2190, Analysis: 9725

==========================================================================================
T1: CROSS-ASSET CORRELATION MATRIX
==========================================================================================

              BTCUS  ETHUS  BNBUS  SOLUS  XRPUS  LTCUS  ADAUS  DOGEU  TRXUS  AVAXU  LINKU  BCHUS  HBARU  XLMUS
  ------------------------------------------------------------------------------------------------------------
       BTCUS +1.000 +0.597 +0.406 +0.481 +0.337 +0.415 +0.415 +0.407 +0.231 +0.404 +0.408 +0.381 +0.317 +0.316
       ETHUS +0.597 +1.000 +0.464 +0.477 +0.324 +0.449 +0.448 +0.371 +0.230 +0.419 +0.484 +0.369 +0.315 +0.313
       BNBUS +0.406 +0.464 +1.000 +0.383 +0.266 +0.375 +0.349 +0.316 +0.238 +0.385 +0.342 +0.308 +0.265 +0.260
       SOLUS +0.481 +0.477 +0.383 +1.000 +0.273 +0.326 +0.419 +0.331 +0.201 +0.492 +0.405 +0.282 +0.290 +0.272
       XRPUS +0.337 +0.324 +0.266 +0.273 +1.000 +0.374 +0.440 +0.285 +0.196 +0.322 +0.343 +0.268 +0.396 +0.576
       LTCUS +0.415 +0.449 +0.375 +0.326 +0.374 +1.000 +0.412 +0.337 +0.218 +0.337 +0.385 +0.452 +0.321 +0.364
       ADAUS +0.415 +0.448 +0.349 +0.419 +0.440 +0.412 +1.000 +0.409 +0.211 +0.433 +0.442 +0.325 +0.403 +0.473
       DOGEU +0.407 +0.371 +0.316 +0.331 +0.285 +0.337 +0.409 +1.000 +0.144 +0.348 +0.321 +0.305 +0.293 +0.305
       TRXUS +0.231 +0.230 +0.238 +0.201 +0.196 +0.218 +0.211 +0.144 +1.000 +0.198 +0.209 +0.196 +0.169 +0.179
       AVAXU +0.404 +0.419 +0.385 +0.492 +0.322 +0.337 +0.433 +0.348 +0.198 +1.000 +0.426 +0.273 +0.357 +0.314
       LINKU +0.408 +0.484 +0.342 +0.405 +0.343 +0.385 +0.442 +0.321 +0.209 +0.426 +1.000 +0.305 +0.363 +0.346
       BCHUS +0.381 +0.369 +0.308 +0.282 +0.268 +0.452 +0.325 +0.305 +0.196 +0.273 +0.305 +1.000 +0.236 +0.305
       HBARU +0.317 +0.315 +0.265 +0.290 +0.396 +0.321 +0.403 +0.293 +0.169 +0.357 +0.363 +0.236 +1.000 +0.383
       XLMUS +0.316 +0.313 +0.260 +0.272 +0.576 +0.364 +0.473 +0.305 +0.179 +0.314 +0.346 +0.305 +0.383 +1.000

  Mean ρ = 0.343, Median ρ = 0.337
  Min ρ = 0.144, Max ρ = 0.597
  Diversification ratio = 1.60x

==========================================================================================
T2: PORTFOLIO BACKTEST
==========================================================================================

        Scheme   Sharpe     CAGR     MDD   Calmar     Final NAV  Weights
  -------------------------------------------------------------------------------------
      BTC-only   +0.735   +18.9%   39.5%   +0.477    1358043.95  100% BTC
            EW   +0.142    -2.1%   61.1%   -0.034    1350668.46  BTC:7%, ETH:7%, BNB:7%, SOL:7%, XRP:7%, LTC:7%, ADA:7%, DOG:7%, TRX:7%, AVA:7%, LIN:7%, BCH:7%, HBA:7%, XLM:7%
            IV   +0.159    -0.3%   55.2%   -0.005    1170601.67  BTC:16%, ETH:10%, BNB:12%, SOL:4%, XRP:7%, LTC:6%, ADA:7%, DOG:4%, TRX:7%, AVA:3%, LIN:5%, BCH:7%, HBA:5%, XLM:8%
            BC   +0.259    +3.1%   54.0%   +0.058    1353278.25  BTC:40%, ETH:5%, BNB:5%, SOL:5%, XRP:5%, LTC:5%, ADA:5%, DOG:5%, TRX:5%, AVA:5%, LIN:5%, BCH:5%, HBA:5%, XLM:5%

  G1: Best portfolio Sharpe (BC: 0.259) <= BTC-only (0.735) → FAIL

==========================================================================================
T3: WALK-FORWARD VALIDATION (scheme=BC)
==========================================================================================

  Fold    Year   BTC Sh  Port Sh  d_Sharpe   d_MDD  Result
  -------------------------------------------------------
     1    2022   -0.978   -1.525   -0.5472   +3.0    LOSE
     2    2023   +1.314   +1.325   +0.0101   -3.2     WIN
     3    2024   +1.555   +1.393   -0.1618   +2.5    LOSE
     4    2025   +0.048   -0.617   -0.6653   +9.3    LOSE

  Win rate: 1/4, mean d_sharpe: -0.3411
  G2: WFO FAIL

==========================================================================================
T4: PORTFOLIO BOOTSTRAP (500 VCBB paths, scheme=BC)
==========================================================================================
        1/500  (0s, ~0s left)
       50/500  (89s, ~805s left)
      100/500  (181s, ~723s left)
      150/500  (272s, ~634s left)
      200/500  (363s, ~545s left)
      250/500  (454s, ~454s left)
      300/500  (546s, ~364s left)
      350/500  (638s, ~273s left)
      400/500  (731s, ~183s left)
      450/500  (823s, ~91s left)
      500/500  (915s, ~0s left)

  Done: 916.7s (15.3 min)

  P(d_sharpe > 0) = 88.4%
  Median d_mdd = -3.7 pp
  Median BTC Sharpe = 0.639
  Median Portfolio Sharpe = 1.228

  G3: P(d_sharpe > 0) = 88.4% > 60% → PASS
  G4: Median d_mdd = -3.7 pp <= +5pp → PASS

==========================================================================================
T5: DRAWDOWN ANALYSIS
==========================================================================================

        Coin      MDD
  --------------------
     BTCUSDT    39.5%
     ETHUSDT    46.9%
     BNBUSDT    57.9%
     SOLUSDT    66.4%
     XRPUSDT    81.4%
     LTCUSDT    89.0%
     ADAUSDT    77.9%
    DOGEUSDT    76.9%
     TRXUSDT    66.6%
    AVAXUSDT    69.5%
    LINKUSDT    71.2%
     BCHUSDT    73.6%
    HBARUSDT    81.1%
     XLMUSDT    68.7%

  Portfolio MDD: 61.1%
  BTC-only MDD:  39.5%
  Improvement:   -21.6 pp
  Max simultaneous >5% DD: 14/14 coins

==========================================================================================
T6: COMPARISON TABLE
==========================================================================================

         Strategy   Sharpe     CAGR     MDD   Calmar
  -------------------------------------------------------
         BTC-only   +0.735   +18.9%   39.5%   +0.477
               EW   +0.142    -2.1%   61.1%   -0.034
               IV   +0.159    -0.3%   55.2%   -0.005
               BC   +0.259    +3.1%   54.0%   +0.058

==========================================================================================
GATE SUMMARY
==========================================================================================
  G0: PASS
  G1: FAIL
  G2: FAIL
  G3: PASS
  G4: PASS

  VERDICT: CLOSE

  Saved: /var/www/trading-bots/btc-spot-dev/research/x20/x20_results.json
  Total time: 933s (15.6 min)
==========================================================================================
