,E0,E5,SM,LATCH,EMA21_H4,EMA21_D1
E0,100.0,98.08702175543887,83.22259136212624,83.39406280141463,98.77290751259244,98.4513985639267
E5,98.08702175543887,100.0,82.2634229986068,82.4348944378952,96.9456649876755,96.59200514414317
SM,83.22259136212624,82.2634229986068,100.0,99.8285285607116,84.31036330511199,84.44968384953381
LATCH,83.39406280141463,82.4348944378952,99.8285285607116,100.0,84.48183474440039,84.62115528882221
EMA21_H4,98.77290751259244,96.9456649876755,84.31036330511199,84.48183474440039,100.0,98.81041688993677
EMA21_D1,98.4513985639267,96.59200514414317,84.44968384953381,84.62115528882221,98.81041688993677,100.0
