{
  "config": {
    "n_boot": 2000,
    "blksz": 60,
    "ctx": 90,
    "seed": 42,
    "method": "VCBB",
    "correlation_note": "Binary win correlation used for M_eff (matches binomial test)"
  },
  "meff_by_source": {
    "Binary Sharpe win": {
      "nyholt": 13.95,
      "li_ji": 9.12,
      "galwey": 5.03,
      "conservative": 5.03
    },
    "Binary MDD win": {
      "nyholt": 15.04,
      "li_ji": 10.83,
      "galwey": 7.9,
      "conservative": 7.9
    },
    "Delta Sharpe": {
      "nyholt": 10.68,
      "li_ji": 5.73,
      "galwey": 2.4,
      "conservative": 2.4
    },
    "Delta MDD": {
      "nyholt": 13.26,
      "li_ji": 7.81,
      "galwey": 4.08,
      "conservative": 4.08
    }
  },
  "eigenvalues_binary_sharpe_win": [
    6.3829,
    2.3161,
    1.1816,
    0.9621,
    0.7734,
    0.6578,
    0.537,
    0.5016,
    0.4536,
    0.4051,
    0.3501,
    0.334,
    0.3226,
    0.2969,
    0.2742,
    0.2509
  ],
  "eigenvalues_delta_sharpe_ref": [
    9.9852,
    2.2406,
    1.0425,
    0.6836,
    0.4712,
    0.3244,
    0.25,
    0.1936,
    0.1573,
    0.126,
    0.1124,
    0.1041,
    0.087,
    0.0825,
    0.0739,
    0.0658
  ],
  "correlation_matrix_binary_sharpe_win": [
    [
      1.0,
      0.2729,
      0.2328,
      0.1977,
      0.1854,
      0.1429,
      0.1272,
      0.1194,
      0.1215,
      0.1249,
      0.0917,
      0.0435,
      0.0777,
      0.0829,
      0.0569,
      0.0638
    ],
    [
      0.2729,
      1.0,
      0.4769,
      0.3743,
      0.2859,
      0.2873,
      0.2616,
      0.2638,
      0.2136,
      0.2161,
      0.1731,
      0.1266,
      0.1278,
      0.1374,
      0.0945,
      0.1028
    ],
    [
      0.2328,
      0.4769,
      1.0,
      0.632,
      0.4395,
      0.4055,
      0.4036,
      0.3275,
      0.2742,
      0.2366,
      0.2355,
      0.2013,
      0.1912,
      0.1698,
      0.144,
      0.1521
    ],
    [
      0.1977,
      0.3743,
      0.632,
      1.0,
      0.6219,
      0.4798,
      0.4455,
      0.3668,
      0.3216,
      0.2888,
      0.2617,
      0.241,
      0.25,
      0.2389,
      0.1826,
      0.2028
    ],
    [
      0.1854,
      0.2859,
      0.4395,
      0.6219,
      1.0,
      0.5746,
      0.4949,
      0.4334,
      0.3801,
      0.3202,
      0.2973,
      0.252,
      0.2496,
      0.2466,
      0.2106,
      0.2367
    ],
    [
      0.1429,
      0.2873,
      0.4055,
      0.4798,
      0.5746,
      1.0,
      0.6007,
      0.4941,
      0.393,
      0.3637,
      0.3246,
      0.2701,
      0.2793,
      0.2454,
      0.2101,
      0.2353
    ],
    [
      0.1272,
      0.2616,
      0.4036,
      0.4455,
      0.4949,
      0.6007,
      1.0,
      0.6293,
      0.5082,
      0.4485,
      0.3783,
      0.3645,
      0.3161,
      0.2834,
      0.222,
      0.2421
    ],
    [
      0.1194,
      0.2638,
      0.3275,
      0.3668,
      0.4334,
      0.4941,
      0.6293,
      1.0,
      0.5755,
      0.5049,
      0.4185,
      0.3994,
      0.3495,
      0.3081,
      0.2861,
      0.2707
    ],
    [
      0.1215,
      0.2136,
      0.2742,
      0.3216,
      0.3801,
      0.393,
      0.5082,
      0.5755,
      1.0,
      0.6664,
      0.5357,
      0.5054,
      0.4382,
      0.4088,
      0.3867,
      0.3205
    ],
    [
      0.1249,
      0.2161,
      0.2366,
      0.2888,
      0.3202,
      0.3637,
      0.4485,
      0.5049,
      0.6664,
      1.0,
      0.6556,
      0.5841,
      0.5013,
      0.4815,
      0.4218,
      0.36
    ],
    [
      0.0917,
      0.1731,
      0.2355,
      0.2617,
      0.2973,
      0.3246,
      0.3783,
      0.4185,
      0.5357,
      0.6556,
      1.0,
      0.6655,
      0.5679,
      0.5259,
      0.4638,
      0.4152
    ],
    [
      0.0435,
      0.1266,
      0.2013,
      0.241,
      0.252,
      0.2701,
      0.3645,
      0.3994,
      0.5054,
      0.5841,
      0.6655,
      1.0,
      0.6543,
      0.5788,
      0.5056,
      0.4534
    ],
    [
      0.0777,
      0.1278,
      0.1912,
      0.25,
      0.2496,
      0.2793,
      0.3161,
      0.3495,
      0.4382,
      0.5013,
      0.5679,
      0.6543,
      1.0,
      0.6979,
      0.5627,
      0.5189
    ],
    [
      0.0829,
      0.1374,
      0.1698,
      0.2389,
      0.2466,
      0.2454,
      0.2834,
      0.3081,
      0.4088,
      0.4815,
      0.5259,
      0.5788,
      0.6979,
      1.0,
      0.6682,
      0.5554
    ],
    [
      0.0569,
      0.0945,
      0.144,
      0.1826,
      0.2106,
      0.2101,
      0.222,
      0.2861,
      0.3867,
      0.4218,
      0.4638,
      0.5056,
      0.5627,
      0.6682,
      1.0,
      0.6495
    ],
    [
      0.0638,
      0.1028,
      0.1521,
      0.2028,
      0.2367,
      0.2353,
      0.2421,
      0.2707,
      0.3205,
      0.36,
      0.4152,
      0.4534,
      0.5189,
      0.5554,
      0.6495,
      1.0
    ]
  ],
  "correlation_matrix_binary_mdd_win": [
    [
      1.0,
      0.2126,
      0.1203,
      0.079,
      0.0974,
      0.0573,
      0.069,
      0.0473,
      0.0545,
      0.0108,
      0.0031,
      0.0004,
      -0.0014,
      0.0004,
      -0.0036,
      -0.0131
    ],
    [
      0.2126,
      1.0,
      0.3394,
      0.2953,
      0.2272,
      0.1952,
      0.1547,
      0.1156,
      0.147,
      0.1005,
      0.1217,
      0.0581,
      0.0256,
      0.061,
      0.0544,
      0.0388
    ],
    [
      0.1203,
      0.3394,
      1.0,
      0.4588,
      0.3278,
      0.2666,
      0.2284,
      0.2073,
      0.1311,
      0.1149,
      0.1049,
      0.0981,
      0.0819,
      0.0923,
      0.0898,
      0.0514
    ],
    [
      0.079,
      0.2953,
      0.4588,
      1.0,
      0.534,
      0.417,
      0.3169,
      0.2521,
      0.1387,
      0.2125,
      0.1354,
      0.1464,
      0.133,
      0.1346,
      0.1325,
      0.0597
    ],
    [
      0.0974,
      0.2272,
      0.3278,
      0.534,
      1.0,
      0.5267,
      0.4091,
      0.3015,
      0.2166,
      0.2138,
      0.1398,
      0.1238,
      0.1334,
      0.1039,
      0.0971,
      0.0676
    ],
    [
      0.0573,
      0.1952,
      0.2666,
      0.417,
      0.5267,
      1.0,
      0.5548,
      0.4064,
      0.301,
      0.2743,
      0.1978,
      0.1905,
      0.1629,
      0.114,
      0.1115,
      0.0768
    ],
    [
      0.069,
      0.1547,
      0.2284,
      0.3169,
      0.4091,
      0.5548,
      1.0,
      0.5517,
      0.3981,
      0.2922,
      0.2773,
      0.2235,
      0.1681,
      0.1471,
      0.1449,
      0.1189
    ],
    [
      0.0473,
      0.1156,
      0.2073,
      0.2521,
      0.3015,
      0.4064,
      0.5517,
      1.0,
      0.4589,
      0.355,
      0.2683,
      0.2937,
      0.2219,
      0.1821,
      0.1706,
      0.1119
    ],
    [
      0.0545,
      0.147,
      0.1311,
      0.1387,
      0.2166,
      0.301,
      0.3981,
      0.4589,
      1.0,
      0.4992,
      0.4072,
      0.309,
      0.2695,
      0.2099,
      0.1772,
      0.1205
    ],
    [
      0.0108,
      0.1005,
      0.1149,
      0.2125,
      0.2138,
      0.2743,
      0.2922,
      0.355,
      0.4992,
      1.0,
      0.489,
      0.3997,
      0.3361,
      0.2682,
      0.214,
      0.1872
    ],
    [
      0.0031,
      0.1217,
      0.1049,
      0.1354,
      0.1398,
      0.1978,
      0.2773,
      0.2683,
      0.4072,
      0.489,
      1.0,
      0.5282,
      0.348,
      0.2847,
      0.2306,
      0.1949
    ],
    [
      0.0004,
      0.0581,
      0.0981,
      0.1464,
      0.1238,
      0.1905,
      0.2235,
      0.2937,
      0.309,
      0.3997,
      0.5282,
      1.0,
      0.5091,
      0.4118,
      0.3107,
      0.2093
    ],
    [
      -0.0014,
      0.0256,
      0.0819,
      0.133,
      0.1334,
      0.1629,
      0.1681,
      0.2219,
      0.2695,
      0.3361,
      0.348,
      0.5091,
      1.0,
      0.5644,
      0.3904,
      0.2773
    ],
    [
      0.0004,
      0.061,
      0.0923,
      0.1346,
      0.1039,
      0.114,
      0.1471,
      0.1821,
      0.2099,
      0.2682,
      0.2847,
      0.4118,
      0.5644,
      1.0,
      0.4353,
      0.3296
    ],
    [
      -0.0036,
      0.0544,
      0.0898,
      0.1325,
      0.0971,
      0.1115,
      0.1449,
      0.1706,
      0.1772,
      0.214,
      0.2306,
      0.3107,
      0.3904,
      0.4353,
      1.0,
      0.4466
    ],
    [
      -0.0131,
      0.0388,
      0.0514,
      0.0597,
      0.0676,
      0.0768,
      0.1189,
      0.1119,
      0.1205,
      0.1872,
      0.1949,
      0.2093,
      0.2773,
      0.3296,
      0.4466,
      1.0
    ]
  ],
  "claims": {
    "VDO Sharpe improvement": {
      "wins": 16,
      "K": 16,
      "metric_type": "sharpe",
      "source": "timescale_robustness.py, vcbb_vs_uniform.py",
      "p_nominal": 1.52587890625e-05,
      "verdict_nominal": "PROVEN ***",
      "correction": {
        "nyholt": {
          "m_eff": 13.95,
          "wins_scaled": 14,
          "p_value": 6.103515625e-05
        },
        "li_ji": {
          "m_eff": 9.12,
          "wins_scaled": 9,
          "p_value": 0.001953125
        },
        "galwey": {
          "m_eff": 5.03,
          "wins_scaled": 5,
          "p_value": 0.03125
        },
        "conservative": {
          "m_eff": 5.03,
          "wins_scaled": 5,
          "p_value": 0.03125
        }
      },
      "p_corrected_conservative": 0.03125,
      "verdict_corrected": "STRONG",
      "verdict_changed": true
    },
    "VDO MDD reduction": {
      "wins": 16,
      "K": 16,
      "metric_type": "mdd",
      "source": "timescale_robustness.py, vcbb_vs_uniform.py",
      "p_nominal": 1.52587890625e-05,
      "verdict_nominal": "PROVEN ***",
      "correction": {
        "nyholt": {
          "m_eff": 15.04,
          "wins_scaled": 15,
          "p_value": 3.0517578125e-05
        },
        "li_ji": {
          "m_eff": 10.83,
          "wins_scaled": 11,
          "p_value": 0.00048828125
        },
        "galwey": {
          "m_eff": 7.9,
          "wins_scaled": 8,
          "p_value": 0.00390625
        },
        "conservative": {
          "m_eff": 7.9,
          "wins_scaled": 8,
          "p_value": 0.00390625
        }
      },
      "p_corrected_conservative": 0.00390625,
      "verdict_corrected": "PROVEN **",
      "verdict_changed": true
    },
    "E5 MDD reduction (uniform)": {
      "wins": 16,
      "K": 16,
      "metric_type": "mdd",
      "source": "e5_validation.py",
      "p_nominal": 1.52587890625e-05,
      "verdict_nominal": "PROVEN ***",
      "correction": {
        "nyholt": {
          "m_eff": 15.04,
          "wins_scaled": 15,
          "p_value": 3.0517578125e-05
        },
        "li_ji": {
          "m_eff": 10.83,
          "wins_scaled": 11,
          "p_value": 0.00048828125
        },
        "galwey": {
          "m_eff": 7.9,
          "wins_scaled": 8,
          "p_value": 0.00390625
        },
        "conservative": {
          "m_eff": 7.9,
          "wins_scaled": 8,
          "p_value": 0.00390625
        }
      },
      "p_corrected_conservative": 0.00390625,
      "verdict_corrected": "PROVEN **",
      "verdict_changed": true
    },
    "E5 MDD reduction (VCBB)": {
      "wins": 15,
      "K": 16,
      "metric_type": "mdd",
      "source": "e5_vcbb_test.py",
      "p_nominal": 0.0002593994140625,
      "verdict_nominal": "PROVEN ***",
      "correction": {
        "nyholt": {
          "m_eff": 15.04,
          "wins_scaled": 14,
          "p_value": 0.00048828125
        },
        "li_ji": {
          "m_eff": 10.83,
          "wins_scaled": 10,
          "p_value": 0.005859375
        },
        "galwey": {
          "m_eff": 7.9,
          "wins_scaled": 7,
          "p_value": 0.03515625
        },
        "conservative": {
          "m_eff": 7.9,
          "wins_scaled": 7,
          "p_value": 0.03515625
        }
      },
      "p_corrected_conservative": 0.03515625,
      "verdict_corrected": "STRONG",
      "verdict_changed": true
    },
    "E5 CAGR improvement (VCBB)": {
      "wins": 1,
      "K": 16,
      "metric_type": "sharpe",
      "source": "e5_vcbb_test.py",
      "p_nominal": 0.9999847412109375,
      "verdict_nominal": "NOT SIG",
      "correction": {
        "nyholt": {
          "m_eff": 13.95,
          "wins_scaled": 1,
          "p_value": 0.99993896484375
        },
        "li_ji": {
          "m_eff": 9.12,
          "wins_scaled": 1,
          "p_value": 0.998046875
        },
        "galwey": {
          "m_eff": 5.03,
          "wins_scaled": 0,
          "p_value": 1.0
        },
        "conservative": {
          "m_eff": 5.03,
          "wins_scaled": 0,
          "p_value": 1.0
        }
      },
      "p_corrected_conservative": 1.0,
      "verdict_corrected": "NOT SIG",
      "verdict_changed": false
    },
    "VTWIN MDD improvement": {
      "wins": 13,
      "K": 16,
      "metric_type": "mdd",
      "source": "vexit_study.py",
      "p_nominal": 0.0106353759765625,
      "verdict_nominal": "PROVEN *",
      "correction": {
        "nyholt": {
          "m_eff": 15.04,
          "wins_scaled": 12,
          "p_value": 0.017578125
        },
        "li_ji": {
          "m_eff": 10.83,
          "wins_scaled": 9,
          "p_value": 0.03271484375
        },
        "galwey": {
          "m_eff": 7.9,
          "wins_scaled": 6,
          "p_value": 0.14453125
        },
        "conservative": {
          "m_eff": 7.9,
          "wins_scaled": 6,
          "p_value": 0.14453125
        }
      },
      "p_corrected_conservative": 0.14453125,
      "verdict_corrected": "NOT SIG",
      "verdict_changed": true
    }
  },
  "total_time_s": 4581.6
}