,E0,E5,SM,LATCH,E0_plus_EMA1D21,E5_plus_EMA1D21
E0,100.0,98.08702175543887,83.22259136212624,83.39406280141463,98.4513985639267,96.56521273175437
E5,98.08702175543887,100.0,82.2634229986068,82.4348944378952,96.59200514414317,98.44604008144894
SM,83.22259136212624,82.2634229986068,100.0,99.8285285607116,84.44968384953381,83.57089272318079
LATCH,83.39406280141463,82.4348944378952,99.8285285607116,100.0,84.62115528882221,83.74236416246919
E0_plus_EMA1D21,98.4513985639267,96.59200514414317,84.44968384953381,84.62115528882221,100.0,97.96377665845033
E5_plus_EMA1D21,96.56521273175437,98.44604008144894,83.57089272318079,83.74236416246919,97.96377665845033,100.0
